0;177917;640269;410799;46431;365298;242786;27525;552143;997;66459;561974;1356;313637;178882;466754;703;776;482814;252654;631;1265;52923;586709;265285;1508;17057;1390;50243;494523;158511
1;20301;44988;15594;322720;177682;41150;52386;37489;613130;1469;1012;185966;251772;529962;796;669307;443253;42024;135419;400025;165323;1207;2876;391697;367263;448486;1575;459694;1323;194363
2;317380;765804;671346;6121;315677;433357;512503;212173;204476;495195;173250;32878;1951;476327;437104;103543;350582;92375;218808;566;42773;224201;134529;78553;205936;1460;2529;3286;272374;889
3;1104;20220;66388;303724;279407;39665;19285;2533;535810;1027;170817;289897;729414;1631;266080;153051;564939;21999;566;408361;1434;4168;131388;392321;559;368763;485994;111266;64937;2394
4;78177;768105;961905;222037;286754;246268;444364;287275;195408;220759;17592;1820;31559;89890;438914;1014;322900;155924;89375;1062;23783;380544;729288;393477;509540;32580;14002;380747;412612;546932
5;320165;1226;355458;1961;362205;31435;569;1663;575;203869;155906;651046;205585;38153;10985;523137;21230;502649;337278;370308;56160;2006;64260;89055;10731;770;506194;44094;15099;14537
6;3378;511145;637784;454779;4157;380839;642440;457510;631;15334;1783;18670;1343;553693;83221;775579;706467;156066;312580;27244;114241;306504;723853;330082;512835;30262;447268;447441;648385;600939
7;323690;216815;74569;3514;510898;342865;568;96693;430719;279287;162527;731268;261971;5816;30787;771;332539;525909;271239;363249;461264;4739;321450;30975;1011;349625;44582;4813;3444;3993
8;140997;424008;465957;458020;190026;445908;641938;624040;9757;18855;1097;165976;458679;654598;485667;572618;1395;496586;482853;550116;113680;21562;655;358842;427824;864;447245;454419;311417;150365
9;11026;1690;782;41753;235687;494479;16084;2551;420569;195137;422473;1324;631698;548933;9123;11793;332378;54900;9133;3493;125031;1330;429943;5382;4220;337413;75757;552;45543;107549
10;425706;387315;479719;532473;132092;232384;649532;619402;265181;317126;172017;51747;57733;1560;489709;407432;145745;561116;409242;490248;598335;703;363545;535571;352814;341756;63083;277000;38306;131596
11;7950;857;359841;12275;190936;390192;3499;8308;78429;3780;219146;451202;507881;580963;189073;581654;388865;593;128428;113576;236047;220805;695;27332;706970;251352;84539;1142;496663;341012
12;309282;704187;649168;546534;859;231471;647098;644615;546068;630722;1872;8487;2089;71829;209256;59968;773255;238065;393743;405073;529088;166965;370828;573470;1646;624041;131974;337634;3130;13255
13;1583;379669;516784;88471;66242;338642;615;8802;180578;1209;251310;63036;202520;546963;29612;168428;575;342274;86341;13111;162936;2657;1069;1328;595884;184798;8773;6946;618373;29079
14;97228;315029;1412;153193;219642;380946;412387;193956;737789;587040;62149;8620;1654;25966;544952;3047;903773;305782;438334;571990;384599;242288;367301;656;184168;203554;531634;627051;1630;712
15;1187;380508;524969;362759;325445;312913;79474;8098;3378;58705;417146;55728;1377;661;188984;465073;357255;355739;24944;8464;23719;37322;722951;551;652798;345173;467668;15472;624625;8402
16;1194;21302;540933;665566;26174;408180;303086;98624;652566;165770;145715;421023;1353;1352;545065;779880;1198;22554;60535;464222;540832;217982;59036;473993;526176;242632;840;616752;234256;456063
17;3564;21720;333805;21278;469303;334837;80247;1432;3501;422446;441760;1467;289232;548542;493959;21599;385154;363368;743068;606;120499;741381;682821;1914;25257;269747;510587;1477;523517;70555
18;8468;536917;566710;395268;156848;89691;318656;66797;725492;1661;292974;1594;286731;2344;234227;821006;815577;944;53521;463839;573050;7516;518245;521568;162525;228223;8597;25412;431684;532834
19;407992;9489;130397;5223;439693;231281;57088;12886;17378;491446;1235;76500;12187;592000;707051;473673;2011;248697;423830;1505;120091;723916;31072;1354;497198;368893;177446;99574;281344;11523
20;138876;388033;439478;367792;450256;57480;68701;551138;624693;238599;266322;328341;390449;150971;993;355180;457853;51891;702567;631984;516431;107555;524715;531068;503304;149022;270019;426879;449663;297338
21;76056;99302;2922;669;95135;809;216392;1380;136953;334128;10083;35347;4172;2042;581222;718192;867731;144905;29822;7131;11630;132719;556;1651;225817;1367;6948;50160;198945;30972
22;103079;827272;670828;135991;582748;331719;570660;361615;584802;265185;277174;680371;351858;1368;186161;321294;2886;575957;700199;653447;400537;57435;326916;523368;1273;288755;269546;429526;685185;165932
23;224568;16355;1144;12239;647;145995;894;496869;1193;336303;1527;2599;4546;534515;533295;363999;866572;32453;299599;577;2092;622044;822;1312;152664;108083;724455;47636;131491;1933
24;114639;776001;669477;223803;261536;420082;487764;683;553529;336352;69875;331078;365903;359295;1184;321120;500074;589539;3396;37599;606233;35452;352427;601892;3371;459371;11929;1429;613279;327450
25;66199;378276;70793;91812;275235;442577;744;512424;23980;11881;11491;354400;480199;174757;236931;616;11300;1231;516437;398982;1289;424768;704955;28700;533020;293513;720016;55859;302033;22174
26;294130;321285;302641;173599;153371;54730;424396;630947;415369;206269;359356;50694;733;202805;35346;315662;470138;361098;174227;6597;627315;7167;25351;530305;344047;531516;113295;343585;1333;585391
27;83339;581059;1516;282978;256255;349240;1426;1536;490374;566;154644;630628;657548;1444;297466;15859;40618;25906;2704;423279;1497;630814;734114;67748;432351;235854;173399;4320;501511;31380
28;52155;161771;477506;4139;139045;504371;845;586608;553;244553;370566;392133;8239;282317;1107;314993;656164;67757;442592;227265;433850;15844;12997;214790;352076;264157;99772;490094;34679;533205
29;103319;14286;25703;368611;64471;58830;961;740;611347;91806;11443;42214;656668;2993;310807;750689;127179;416871;147803;430999;12405;589226;650586;173578;1820;33176;454285;165430;494077;18438
30;31708;1984;860340;365336;51230;352712;594;443140;705851;584163;360884;280071;7936;318906;282140;81183;639903;2061;38818;168702;462893;1668;458338;584241;339444;502561;750;465075;24661;657507
31;157267;336743;1166;244170;61922;261436;33345;144974;17196;4557;2107;21995;617487;621;9676;791213;48832;630487;154417;153666;23677;435153;165415;1582;779;83282;226373;1839;564695;892
32;110237;3083;776434;466320;234948;176452;108260;459577;486355;208508;303092;688634;120794;351649;378127;8270;702643;25498;358246;269310;459990;352577;466937;613298;420168;509238;715649;163136;52449;397007
33;113746;647989;1811;260435;17742;459152;48783;12480;14732;939;722;24374;970;26680;39556;233980;756;372944;10335;559;88263;45523;13290;3153;5804;709;15537;8550;184479;12477
34;90994;52492;684;173896;266554;1672;191528;458608;740480;320126;134080;683739;561917;578072;603817;13443;587931;11008;379510;121353;907;375493;106441;199693;605759;86944;761801;190067;206140;1211
35;549479;650090;261775;534866;38853;540987;353722;1590;56088;62063;470170;1238;201932;29174;8391;222965;488277;616081;204867;540584;271503;404855;582136;533813;13609;300402;75018;239056;8457;374438
36;1837;247734;656899;31134;258467;94720;238061;264544;562764;322453;422395;422326;551190;500696;304622;40501;431864;344868;21642;114756;289636;1757;134483;122424;591507;153130;379416;27455;434990;13738
37;549009;451417;996;180598;49725;443197;1068;8647;8445;36009;7527;11569;1946;3108;12757;615541;410836;587;531757;349408;275019;456882;698807;586877;1552;383693;29591;427163;213429;487228
38;121195;415738;563477;821;234241;364343;570592;151967;610951;517298;414871;556061;784309;570328;324950;124571;830353;347844;296419;261926;241292;49766;36537;135953;609267;2049;202374;66178;517332;35179
39;157532;509575;27884;189591;32555;1123;101206;404371;14406;972;1096;3209;2682;22460;558;441156;5738;42482;3137;5298;59549;486714;206147;109835;6527;609148;8998;139003;3788;659395
40;81400;809802;833536;676262;533015;329858;588376;158107;310896;568563;390712;493659;778371;569393;649786;614064;2763;464541;271251;231710;638828;518019;493622;581180;608614;87864;114996;474066;452140;36357
41;156950;1165;21974;1311;328470;340148;11521;40307;12428;910;1526;17339;12565;9362;101665;4610;581;29187;198991;7270;918;1092;155624;1532;11122;579222;512522;133774;786;619599
42;2069;655846;608623;572085;131952;206077;515454;206924;327366;407332;375498;405329;749415;601100;659829;568837;760;461365;11590;280399;513629;686274;461435;581409;510699;20033;1519;415635;485175;622308
43;482401;270247;23022;964;641582;189237;1658;6308;4555;1125;7865;1436;687;16029;295292;715;3171;585;235276;1310;1096;27268;34787;39161;16283;523125;510466;16650;1220;11072
44;80622;708;885094;140922;39040;723168;236762;279292;317300;406890;518674;714636;557764;602865;380603;462988;403370;342130;395626;282532;638912;703114;656364;579517;547863;65698;289140;342568;483025;432397
45;502034;373520;49073;1409;304631;9758;282066;18963;117189;1934;4554;314787;4482;14668;41398;31261;606970;17954;262119;19268;300338;8147;1461;98454;67620;448712;26615;5469;56679;602
46;98621;483593;935455;469829;217331;692042;1421;313516;391650;353548;413770;80281;566308;581101;77904;476914;278202;348213;435669;342963;562;521708;547864;651029;546228;1485;277919;348431;361215;438857
47;484272;317849;12514;3043;13016;941;281500;130496;1779;24776;18716;555719;1964;43657;3325;2629;565473;305669;83216;3241;513287;15851;134506;40263;34855;453747;323918;931;239094;1353
48;154051;487286;820738;450440;553731;42441;289406;579645;457260;362410;544798;15898;553602;672103;447855;460653;330002;613619;309248;343990;4702;706805;590155;663856;572857;104152;9145;181392;508566;443716
49;525185;1570;250180;372503;98937;137392;111069;30655;151784;11424;27694;562651;13679;625530;7797;540430;698;42304;365927;785;512979;1486;145968;399438;329182;464769;321657;454985;1929;1643
