0;642369;850136;1184832;116343;1232515;358067;867802;103267;780030;1026612;1068716;962487;568216;1129073;1009239;1175425;787068;506793;205455;1357163;466827;1197127;1283084;979395;634119;1236374;1032400;1156429;1186083;722749
1;945672;817030;740978;705333;637623;1154463;996803;1154103;412248;683080;367758;555584;738025;764679;836614;1271158;884952;1182844;652484;1329702;828202;1418375;1107628;625067;1270126;234870;263112;615594;845134;1122186
2;991429;969988;619723;688782;740677;1311978;809900;1297986;481907;710805;255600;588513;1001753;613242;650862;1226090;789177;1177407;534016;1369762;959030;1336707;1311907;580944;1241613;195331;62586;777617;917026;1041409
3;968559;408853;781505;985198;918281;895572;546516;1087997;175452;1023279;1110635;764041;702127;1075446;1230639;369565;1135183;1267959;1095388;363924;578675;805062;1005043;469241;1366528;556960;1419808;1328647;983768;705842
4;949300;296881;847917;992113;815777;671211;642039;1049293;172678;1054869;1009669;942920;876016;906172;1154911;362480;1050699;1217849;1254730;125099;580890;495895;1044478;540864;1017388;507256;972094;1351156;927600;676716
5;754934;641754;1308280;900465;800295;623520;717902;1119744;851218;1135627;1285529;675934;741099;1258200;1018855;1257950;806926;627791;887163;785475;941931;911796;1108704;1402781;990954;1225900;1281840;741058;808788;1329053
6;921197;508779;1300792;950740;961842;641724;629419;1254855;766629;1248060;1338045;925692;798213;1336302;1195903;1366602;799734;538708;842213;972165;1004384;1082491;1018502;1168386;966105;1122160;1124682;641130;1088287;1074850
7;860544;944329;847268;974473;903514;751354;872519;29300;1017385;1096038;1024596;959771;1166617;233993;809819;1205516;1292870;818868;479593;611853;184205;807579;373729;449959;1312946;1130670;617424;1142289;681336;995994
8;860221;1008190;1061862;997935;899182;506067;685230;14150;1168613;1021637;924310;983717;1146037;307821;633172;1133692;1326379;1032156;315102;557679;242666;709710;339250;446455;1180137;1185114;635727;1209842;720845;780806
9;1204722;791355;1386912;1287437;1129370;710472;511941;1208989;774501;864601;1182427;858427;1150199;1050037;1320483;1074738;1266334;595043;911349;1361850;603016;667014;922150;839585;342369;951349;900486;1310140;996133;575161
10;1255042;672599;1252860;1246890;1143511;529232;412544;1228688;737631;886067;1106474;994321;1092229;1454196;1249038;1273954;1135904;518311;1015971;1083213;702058;619792;934739;762828;357213;949900;760651;1176315;1142612;614853
11;1250612;905074;815266;214765;1103818;377939;932892;929913;661772;950386;457685;1150843;1337948;578369;1250583;1115366;793581;1010418;1114270;202167;1353844;1262748;1112593;1113559;1100422;872220;1167912;637198;854253;1059373
12;974428;965726;776970;216490;803554;485041;779291;1165409;654852;1187495;485934;1291376;1193183;834771;1202042;1131189;586830;1062227;940414;218652;1085988;1483112;1132813;1073932;767011;820742;1192986;903130;948892;1117000
13;980732;982553;1144164;458001;1164292;639225;376689;1204631;1180537;1231347;746226;1110124;1005061;879763;449457;459442;1021305;1217674;1061230;1370188;275839;326247;1036661;967113;437010;1221077;928880;851769;1294208;1076192
14;1179690;1000879;1135674;570945;974040;1160232;214028;1211420;1279745;1366067;698999;984216;1123386;811678;536317;508391;888692;1198947;1143706;1323830;510724;442844;1021363;1082035;351639;1411183;1280503;573723;1146422;908554
15;771105;1090801;1098460;953019;1030369;1197062;989245;695873;1358883;581435;1313983;236841;1240737;703873;884020;715500;734026;649664;1341110;1052418;1242460;756658;1159184;880524;1173526;1004431;920119;1059684;1141652;1188224
16;806984;1075527;1055008;1114549;1055148;1217598;1129381;910600;1204402;613431;1168863;16501;1260871;537076;1027907;529131;1074163;626211;1268216;1057529;1185017;753947;1239424;1061451;1011364;1047090;1206011;1291045;1286420;1375492
17;1255033;672001;651786;1119695;746657;927168;383529;830546;785813;1061579;1076162;200288;996023;424689;644666;372274;610071;1073015;893469;563722;806392;1245551;1231296;645949;671379;531627;1191745;790538;1418894;865999
18;1337837;603459;621524;1181088;998444;882981;255060;899064;695847;1101133;1228072;86311;1285898;515435;649353;404339;522171;861746;929340;571957;766090;1253952;1332853;625527;879129;567920;951091;725264;1243003;966908
19;629579;351757;927494;786541;171451;354270;909037;921000;1063827;749648;1138202;1102405;721247;1208780;502912;646216;820767;721179;1169485;778595;271724;869717;1044251;984356;412743;703201;608454;739517;842876;1106751
20;739886;162004;557634;749861;188190;538579;822988;889154;1115331;930187;1149041;991051;601987;1144037;566030;762527;717692;915545;1412736;658084;421289;791256;1286435;982412;627699;738804;876320;1040586;964937;1054724
21;1239092;869191;1074072;1274791;807065;284341;925794;815571;1136063;917571;636864;1066701;531186;1106964;701692;793058;74535;1089563;71347;1139882;1193968;1197413;772054;1327212;894212;1131139;989784;874006;947090;184712
22;1053245;1118062;1159849;1298382;893660;534837;1098963;924333;1271525;796923;612785;1254474;398596;1097055;637872;854830;233783;1298234;114115;1061969;1313260;1163853;641750;1476618;1018007;1165766;689202;1233156;993729;352068
23;945035;882565;1129406;1054839;1428221;1078251;1071418;1158259;900834;906741;1264723;735484;19154;73408;1229527;1048809;923493;676373;971682;1244520;185804;288665;759162;1310130;1113364;755115;1223617;931792;1081785;508165
24;1293561;656018;1273775;1055145;1396595;1033540;952574;1266080;981264;1059143;1050854;927522;88661;345359;1090747;989230;860344;706424;883065;1038532;276679;303078;1004004;1259559;818697;690074;1096742;1146196;1150060;555067
25;97715;1037884;867192;457792;237473;996167;840238;1184055;1017446;1056041;563928;606871;1460014;1282565;995918;566001;1081206;589514;1494258;389454;761729;1126332;177255;1363177;414391;1120269;672525;320810;1170955;576787
26;78294;912001;1032986;603204;370721;831956;816987;1306850;1135717;1116835;520604;751168;1278799;1042081;933680;543777;1185247;565054;1201104;312720;611717;1382751;180988;1194728;586763;1010884;543591;171938;1094529;83483
27;821900;899799;926874;258331;945975;1192154;480949;939488;1314488;639970;620162;1170075;422174;1253519;44904;773404;612239;1144183;947126;971060;987029;1016790;811597;312234;1197941;1403592;486481;677912;1190493;310412
28;889697;857603;878558;353720;1037323;1240437;492178;1248089;1398634;681060;603973;1070733;466249;1365082;46612;723957;705545;1220760;938255;995823;924376;910724;687182;245330;1315003;1351786;304827;774196;1406068;185162
29;90304;1353879;760495;952995;969541;743147;748968;955920;948279;332950;1256738;648194;284946;1135541;1042817;508357;365394;926815;1173002;1301447;628698;1072989;831107;988164;718418;432005;437377;857758;1145859;1453318
30;86312;1426898;630192;819770;1008120;656323;906555;823789;1035482;225544;1255998;353929;473876;1061788;1090338;436997;354697;825877;1231288;1437700;546606;1128243;554835;1140249;682830;828116;519890;677827;1069206;1312175
31;1099762;294661;522247;1016551;1139696;736579;428332;986419;794114;1180391;1169599;988893;1091686;969687;1186862;1106262;855645;565588;417573;832626;1183450;536994;1098952;1055217;1043380;593689;949975;321997;804683;844318
32;1067633;257979;527869;1209162;1423490;600742;468755;1303337;978150;1056255;1008169;1104519;1226319;1154478;1256768;1064593;874893;1019364;567315;992196;1142482;421560;938582;1198529;700836;550140;1228460;407828;588535;842876
33;1153821;813999;276611;1276065;904129;900255;702867;430825;1075510;1322388;929423;181717;265023;1095783;429003;469600;1058573;825990;901866;508665;761644;817407;163924;974707;977107;1486475;1058334;1054496;1149413;732698
34;1177390;702535;257130;1161151;1053670;790454;557016;374975;876773;1260222;877876;187612;385134;1083949;469552;566296;1078215;725291;1001970;708126;753644;888254;201784;901470;1030164;1278474;1233898;932862;1131160;831190
35;623992;1411581;854898;452818;1261735;584922;321593;1081546;582401;480389;1069579;293904;907396;1119838;1247205;1132539;819587;935710;725106;121104;1184345;405478;1079533;1141286;1261124;784549;546172;673292;1127691;612770
36;698045;1301176;1108911;755541;1284440;877209;229686;927595;543845;338371;1048988;413323;808029;1027519;1097423;1089296;816503;904446;631257;150122;997865;656740;1118699;1049914;1268707;1041693;442446;601093;813762;582437
37;1202516;1006567;733959;750866;963331;231673;910578;451670;895651;1174502;552471;586655;1326634;1210379;1068203;1170907;716942;281369;910912;1309810;944322;975541;1014496;678856;202737;788569;1164730;320466;1275763;103998
38;1329135;1104469;834101;744705;908039;266575;946027;427029;814629;1006350;363967;611753;1291725;1409107;1036389;1274777;738817;519653;1312435;1105666;842756;993064;1156057;772816;337506;1125462;1131306;471598;1198492;248145
39;1189870;1356646;335386;322877;1377246;1139343;940084;1338861;1029424;1053891;960425;924426;752646;1206131;1054459;1136599;322465;837792;443073;229797;311250;1036205;700876;596371;1048214;1289325;361998;977744;966858;878263
40;1311447;1331795;347489;388640;1208779;1124733;1099146;1340996;1048078;993268;1014730;1102142;868500;1156316;886606;1079418;469235;970622;603412;232819;525151;1125008;880485;689335;1084594;1040277;28329;874444;1006424;903795
41;1237297;1329796;359073;1360446;1179990;1159576;1003373;1366624;425071;1186914;1048494;835439;588359;690269;1107914;1137437;1333673;1167010;732660;618467;1048434;471753;1165966;1023741;923365;507661;1010263;1154088;508207;996245
42;1408832;1317304;360237;1279457;1194416;1206552;918137;1317030;690324;1191301;951800;736214;691763;481620;975511;1082878;1275216;1011673;793027;746465;924328;438818;1350166;894975;866048;721996;732122;1326160;544205;1199344
43;195075;1196263;1169883;439566;1028365;1020289;1146906;756335;1137701;800739;1060782;564642;962811;1076135;1004662;72179;1037225;901009;1059802;979526;1212629;579560;554200;626907;1085959;103307;921608;981400;569567;973236
44;154961;1294553;1091238;263508;1225880;992246;1196532;894134;912077;878315;1040059;368021;1198987;989841;908526;72764;1215406;1131286;1079966;922461;1094639;762778;634116;699720;948780;151533;1043913;879680;665869;878509
45;1250543;261418;1126414;1057128;499812;899748;527768;918178;1153963;1244005;1067075;931767;1481132;373010;630394;999102;930826;1219246;1144136;1099890;1502154;1153415;1029833;977193;1247299;1292989;343050;991737;1067605;1293404
46;1164407;215348;1267688;1039118;392478;1097288;668792;812931;1231296;971351;972928;779950;1370416;430536;570438;965151;965271;1270340;1156623;1171051;1265472;933139;1182869;958353;1063288;1330157;134774;932126;1219229;1182846
47;1163934;1162055;372349;910577;1054470;791385;689672;1181177;1053492;1338003;1138339;871216;1094810;1140732;995257;1378653;1041095;880507;905184;1158358;899778;508936;1398404;606406;1236773;931629;324713;1116295;1086844;1067031
48;1108577;1211256;468317;804764;933339;1000774;750728;1132649;860260;1195001;1087534;857261;1181888;1410492;834917;1138417;933947;970813;805421;1012855;1094116;457439;1311909;727450;1218509;929244;332287;969452;1010648;1064543
49;955948;1043049;753038;1137753;1117553;1184500;1315814;881121;814168;1026711;1210229;1085280;161724;1347512;283585;763479;1169181;1095815;1293565;1150354;1167791;1337033;925974;1049352;530899;989927;446116;1111523;1027371;1222880
50;1070325;907947;941374;1145241;812578;1088545;1183676;921012;898801;1015416;1014372;1327638;296147;882288;302497;808575;1073300;1143302;1480674;1179923;1240135;1331409;1005054;1006890;578341;1039477;490780;951986;836962;1053447
51;637103;900987;1070612;1116456;302416;222834;1200440;1109075;423623;693048;585127;1148673;972369;1300855;1237230;494935;1161559;1184163;261687;777072;700135;395273;608730;1075224;1305742;979666;1255999;1439832;1161575;1123116
52;809338;859757;892518;1125532;271312;229264;1335593;1041643;329737;652745;479269;1073000;874417;1215003;1207282;724939;1134622;1161104;370130;841690;820147;421613;721981;1065051;1280134;1154829;1339363;1141472;1175548;1289756
53;277408;1057389;961495;1326205;1069219;1042667;1247208;1285379;490267;548645;569435;1190147;792050;269770;971659;1054698;1142741;632146;986627;1122943;182305;651147;195228;1099170;1009253;765646;968013;970141;717584;933103
54;353175;831815;1054260;1129604;965250;878876;1306035;1175358;410766;507486;404400;1270773;1136570;343362;1185855;958981;1190573;857513;928239;1017680;246501;630426;187225;1345526;936299;565805;1126664;758232;821792;765314
55;803905;483958;595962;617327;289956;1002068;769965;893617;1487356;1109590;1046433;801900;465160;571794;1054005;951805;1310666;554704;552823;354069;1442307;526242;1201717;1410611;791685;1072975;149854;937836;773638;1009758
56;788112;751702;585333;599872;400265;822870;1021704;974336;1262156;1278913;1032649;1080293;459440;617159;977951;1120225;1010016;731773;801990;524389;1365114;535969;1060930;1288853;1009713;1063870;564139;556696;853812;968826
57;1361965;120193;792688;128819;1001988;239485;1037928;946702;1195363;959354;511711;551171;1190839;1063701;1228212;1172707;668263;1145161;1005076;945965;753086;1046559;953447;846694;174979;804205;743211;1176468;1061902;1054316
58;1141560;64572;779821;15791;1039436;330134;1150504;826494;1060201;1123856;655187;670104;959901;813147;1258981;1135382;486906;1170636;989805;1083117;754642;1037254;913940;905827;91393;1160546;487330;1027441;1287361;1046591
59;1041971;233382;1114103;86799;412747;838165;443541;1233775;1071961;1050629;407822;1204395;835299;361330;986071;1155725;959502;1265218;498109;444391;431594;1125683;1144861;840846;473669;1234479;536854;162609;250312;902625
60;789798;407263;831086;256686;521359;776446;487641;1091118;911820;1218474;434013;1183229;737751;346541;1053624;1039903;983524;1124608;516435;428721;511840;947686;1144225;1091970;478995;971262;637656;59632;375054;1178779
61;1104286;1037308;545310;746644;989483;1389085;191000;176609;609239;417784;685761;1460123;113696;630309;695337;1365268;622785;1156179;1137384;992434;840844;296116;315235;741280;781925;659671;1025403;1331867;520702;1262082
62;1184377;1207182;449731;848962;872857;1391451;148610;261176;941045;501505;833730;1401366;454455;760681;676850;1401449;860751;1161898;1159816;1182893;689362;308619;432304;619941;1000091;686934;914261;1376084;423997;1104316
63;179596;593832;543394;1051623;644466;881819;946541;1056944;1156097;1041587;1122813;1226407;864604;745524;1237881;153280;1177645;902095;1059218;1175650;1129148;808961;724242;1179955;855135;1136342;1136266;586986;1105639;490155
64;222555;730874;451411;1254113;410810;1270432;955163;1021518;1050234;1161815;1312420;1129773;1043726;880987;938499;115327;1135623;864057;1226936;891145;1367099;999947;633958;1126572;683796;1198663;1054078;598536;947294;494303
65;1070687;723891;663751;633603;903632;996687;1241661;1316549;1186652;1072172;1052697;956583;1152686;1032200;779338;1237577;1067502;1249053;1080839;918252;1062137;798551;1133006;918736;690110;969196;146602;1209537;1078601;1114533
66;965874;1034406;638059;709792;1008280;1320610;1077096;1195332;1192031;1261758;1066707;1184272;950431;926737;920287;1098117;975966;1233665;1061771;925847;1073549;750580;1197213;1266637;889031;699076;298453;1273504;1054923;1173816
67;878227;1124924;1158849;1311527;862633;794445;962956;811415;1171949;524744;697084;1080267;464586;1234266;632165;1397656;1228642;886858;1213741;1335945;986827;868296;1049729;281230;1368460;909732;84816;429847;600102;1101633
68;774583;1362783;1239446;1016897;681795;574021;879897;888579;1125721;333911;587967;1216238;596988;1070752;925895;1097574;1190175;955785;1278903;1310525;983556;812372;1111461;329055;1090576;914277;17378;239036;310171;1177097
69;1196610;1143255;722835;719050;74943;805673;1120358;1039024;765722;1069016;1161154;959880;1067434;944359;1005387;767607;1235069;1064561;917812;1433787;824478;1220800;888450;20526;771054;1173131;872509;525784;1004117;447076
70;1222002;1100022;658821;911018;117182;1017258;1275230;1110174;743296;1159466;1091085;1020408;1106909;883439;1098423;1017376;1244154;949768;789271;1153443;861179;1296286;1033241;178148;959080;1290771;1037156;490598;1090089;542153
71;1242150;1205728;809016;1216987;955107;1279560;832586;769490;1118514;1115597;1147361;496914;997057;1082399;453717;1078747;562899;851429;377638;243860;841177;1077551;866390;582567;139889;927494;1077390;642501;186576;594715
72;1093612;1352985;652195;1324594;889074;1248189;902792;769875;1190143;1269472;1346966;578973;1015263;1273445;479609;744385;461654;962593;443212;55464;764142;1154611;696350;514499;195971;926193;1210243;732974;177145;586270
73;1021362;1164059;404674;360357;1077696;920968;1177114;1434066;1171799;920481;390680;1012572;405161;817963;717308;845173;909113;383333;970551;463671;859088;1224457;1129608;1194242;905945;497315;892636;1131158;892312;664832
74;847535;1253859;530905;353278;1100464;1095947;978429;1212577;1095379;1023531;273006;999294;282120;985387;944760;780585;954888;374279;1091099;300165;878022;1083427;1406027;1239555;975402;186307;459572;954527;1013907;459182
75;1163159;1026556;476622;1059647;1009689;732712;1441263;1131825;366744;1014890;907597;180565;936238;1236765;705191;1138960;321279;603819;1245327;1025908;1072536;769994;988851;799492;1292579;1361053;1133093;820812;825219;457837
76;1038319;1251344;512279;1065515;984520;450036;1256107;1185280;413632;1401572;893852;177992;1065921;1267188;846014;981190;632964;472929;1180217;901665;942395;822540;1143224;755849;1264122;1405050;1119442;1002663;1056628;251041
77;757865;1345789;558916;741857;1333292;1441932;1133470;1242724;926899;1304268;808476;1175250;467012;1160557;1329521;1217276;1021999;915387;1164495;161061;580225;1029918;909881;540496;1407050;694945;742761;318925;494246;1166147
78;969899;1116896;551001;727088;1046735;1265036;1063877;1039866;960911;1254676;725846;1189636;670742;1188305;1346369;1221131;845023;843107;1274989;170720;674153;960305;1001063;585788;1356423;858959;465074;318699;557773;1154603
79;564365;871966;157577;1258398;753486;1102801;1096805;1186713;1383740;507690;1162270;1421627;750118;746300;741548;700584;880184;543608;641689;1206020;491716;1008666;254061;1078485;1119630;1180903;1037138;895067;160178;1056012
80;667971;822374;339741;1176495;659458;1053740;1054371;1122257;1249673;438845;1136922;1060518;592488;569733;1048157;673101;987583;660135;727730;964188;475397;1369789;338818;993705;1030508;1183001;1145142;998365;242391;826338
81;447047;976388;1119636;1422922;694710;15259;573577;754656;1214401;1100241;1177589;909746;881940;1137691;1259191;824346;691343;572350;1038818;307049;1210318;303865;655968;1231015;543049;682491;357154;818298;1126454;487687
82;572549;1118700;1178996;1225800;811849;122114;364764;929502;1186016;1107932;1265146;1132135;798992;1240933;1211637;846426;658275;754352;1179848;417817;1266124;376697;889767;1370427;449865;789827;343275;913888;1036467;887874
83;701885;1058287;997612;1056095;1074445;881689;406927;1014471;586144;818135;368480;883618;917685;69050;1369086;1193049;1338998;720821;1139605;1225189;1091956;1027035;629488;1150826;1339546;1270449;1070747;1022512;872551;886419
84;898770;1183958;988487;1075960;1145190;780100;763765;898556;413600;1039620;526400;950821;1128653;124774;1204799;1255439;1114871;1014234;1090545;1342276;1048235;924337;635863;1470263;1344370;1216812;1008695;1209043;787097;860658
85;886630;858643;1127469;725219;508359;1217231;920052;250612;1214840;1126681;1322975;1352448;1143416;524085;881881;866443;988602;1028934;685381;1005540;1123036;1357757;682499;1068751;978303;769448;1064757;1044353;706576;797816
86;1106321;848535;901971;693177;679848;1294654;911635;329157;1174677;1147192;1243054;1354663;1216834;421049;898606;1237266;946585;1157452;484752;1006436;1130535;1294083;593089;1074684;967953;973220;1237912;988474;488804;873772
87;1025603;1114395;1287765;1278219;1030023;897642;1424953;529990;1443629;1206671;1291839;571621;1195259;844664;996315;1053167;1150182;1243627;1029606;1170833;1192157;1143615;1143591;695811;841324;929043;671252;990856;1300937;1054227
88;933954;1136098;1225421;1252745;1381557;1014137;1215795;557229;1386300;1170847;1103098;628332;1203070;744320;1067573;1107893;1026456;1112404;909019;1124669;1022575;1339807;1007483;729837;722367;1040969;429859;1088045;1236376;1160906
89;863781;1211761;530772;1201379;385398;1108748;992180;560677;1210413;787522;1211669;253260;610338;950367;1173532;918137;709386;1246647;1063440;1089453;932454;426792;1083681;812474;627175;576231;876763;884181;1005909;1297622
90;841477;1324887;522705;1158741;281812;1240648;1312762;430765;1147009;1002519;1043249;365747;550405;1008497;1119486;892103;684215;1291858;1099221;1153646;1021910;333623;1217996;947109;695115;615938;806702;804240;911763;1230058
91;1219817;1287365;760342;654598;1268081;937325;254353;815683;1285025;1303726;319161;166378;1222070;1256128;1153092;749545;944851;1294526;887126;832088;683830;1218834;286021;1087901;291455;934800;802172;1182857;553927;958556
92;1139201;1294063;787619;586939;1185851;1293674;196233;893175;1372506;1119458;499942;86442;1211079;995453;1125468;864532;928100;1333557;943747;795568;712872;1193451;222286;1320598;292034;739820;728232;950327;516495;961270
93;787266;136860;1172003;1368999;513311;1180211;765432;468227;736075;370032;726624;1389907;1120233;776786;1034149;1003686;1136657;880701;1141098;1121426;1029140;448349;40357;736594;1189884;885952;199626;1234116;1108328;1108595
94;964176;75655;1084997;1479296;752085;1343069;868318;685051;829410;473829;791540;1287613;1378764;925941;1205634;1134464;973260;946533;1044504;993854;711613;514018;147475;1180523;1174575;983670;494379;1257285;1289823;1173881
95;308490;356340;904199;800477;832645;1254995;1297298;1300453;120437;557655;1347542;1134471;223949;1074571;576134;729462;1125385;1059385;515294;1172858;773024;957408;372046;1090068;515052;1068072;821599;509829;854962;1157489
96;300597;287409;846934;834495;965565;1284995;1047975;1098482;32545;659311;1206861;1312783;293460;991527;626900;1075525;1369391;1105978;436993;1069426;830051;969919;361189;917167;599345;1074058;1132052;712548;709307;1024806
97;177519;1025726;1289480;949882;204072;713400;1320520;844828;1083211;1282939;1229512;1009225;1295013;1157250;1054613;1138628;762271;1034537;1109389;1046059;439255;534503;1150700;1175056;398338;803042;1222367;1109315;1040726;550870
98;157202;1280965;1150872;1046809;377931;686326;1130855;852191;1147178;1317959;1194395;1063145;1165082;1010244;1094811;849946;697117;754241;1039901;956088;556301;600922;1062059;1315854;557875;948068;923807;1062578;942689;541492
99;668183;1063833;1098895;265168;1020979;191233;862880;160553;736525;1245828;1125435;770677;594447;1016226;1352302;1017169;942204;500599;345408;1297748;497871;1078227;1399845;1227647;954075;1276075;1091391;1029413;1315959;766791
