0;1272952;1590988;1369808;1470684;1651074;1194931;1586931;1576658;1234255;1697072;1562853;1530366;1645673;1715653;1435117;1459065;1492049;1407120;1527306;1368449;1357741;1454624;1442132;1503856;1502390;1667261;1571285;1601200;1332485;1311430
1;1266468;1587603;1390211;1468782;1649211;1189813;1582237;1583169;1226740;1693493;1556606;1535362;1647779;1712300;1430253;1455453;1487655;1402818;1527646;1365702;1353249;1454720;1436023;1529742;1496870;1666021;1571160;1598826;1347447;1307137
2;1260787;1582787;1389802;1467309;1648551;1180078;1694425;1582114;1216874;1689605;1578690;1531604;1645964;1706677;1430064;1453929;1487106;1398975;1527112;1364118;1350226;1448988;1432193;1529527;1493860;1663145;1566851;1595542;1341248;1300410
3;1256187;1577309;1385786;1465407;1649764;1169093;1693284;1578425;1215832;1687149;1579997;1527178;1644990;1709541;1429108;1450033;1487654;1394269;1527022;1361282;1347323;1449482;1443671;1518589;1488204;1662074;1564869;1596417;1336684;1299013
4;1248347;1575912;1378512;1464855;1640309;1170757;1694835;1576502;1209289;1682942;1573571;1525231;1643438;1705824;1425828;1444015;1482358;1387911;1521048;1356917;1343935;1539549;1440580;1513653;1493084;1660102;1565172;1593433;1329561;1295567
5;1241683;1571727;1373895;1565673;1635555;1160494;1693761;1572189;1202310;1681527;1570394;1519866;1639549;1705944;1419948;1442441;1476364;1381424;1520945;1352858;1339744;1538625;1435197;1500379;1493112;1658261;1562535;1591709;1487317;1290468
6;1237535;1567071;1367632;1564733;1644254;1159518;1690815;1569877;1194693;1677386;1559157;1515569;1638052;1702749;1422418;1440554;1470156;1371973;1520394;1350368;1337494;1537846;1427815;1500842;1490073;1653950;1558607;1591441;1491649;1286674
7;1233834;1564035;1361493;1562533;1647787;1439982;1690422;1566511;1186882;1672742;1551163;1516456;1634712;1701084;1418151;1436706;1467161;1396570;1521684;1346673;1337243;1530320;1424928;1493976;1485527;1649968;1557529;1587569;1492323;1280572
8;1232237;1562005;1360978;1561013;1644620;1446272;1689810;1560231;1177956;1669879;1546096;1510912;1634070;1697100;1415296;1434216;1463089;1395690;1517070;1343151;1329597;1541139;1416580;1486043;1482224;1647933;1555711;1585975;1485284;1278213
9;1226815;1558323;1356150;1557353;1637391;1441802;1684919;1558167;1170577;1659808;1547602;1508756;1631039;1694214;1410660;1432824;1457319;1386115;1516061;1336265;1326278;1543667;1413694;1483399;1479449;1644383;1549669;1581643;1479418;1270242
10;1216385;1556958;1354144;1556491;1640123;1441668;1683665;1555043;1161553;1659769;1543403;1502036;1631018;1693843;1406578;1429860;1452566;1384189;1512733;1333461;1320702;1541562;1408314;1475583;1477423;1644198;1548850;1577807;1482161;1265248
11;1208700;1551473;1353346;1556728;1637669;1436776;1681926;1551525;1153799;1658041;1545309;1500468;1628175;1691464;1402610;1425810;1449701;1381148;1511816;1333005;1319042;1537099;1399081;1480976;1473528;1640391;1546657;1575497;1483770;1259435
12;1208768;1548578;1349877;1555103;1632788;1432566;1679707;1543312;1154296;1655403;1544296;1498623;1623480;1689301;1415191;1421724;1447053;1377199;1509753;1331617;1317717;1533796;1397400;1478493;1471065;1637605;1545070;1571630;1478632;1255729
13;1202008;1545617;1346005;1551838;1630065;1425529;1677970;1533524;1145708;1650998;1540585;1490655;1620862;1688310;1415666;1420850;1444694;1371693;1507601;1327428;1311772;1530495;1410558;1471928;1466799;1633480;1541810;1565449;1476587;1252559
14;1197377;1543999;1344550;1551826;1626377;1416466;1675396;1526913;1140179;1801310;1536780;1489479;1615595;1687104;1412184;1414550;1440076;1367115;1508044;1324204;1309623;1525942;1412425;1471345;1464348;1628660;1537875;1563961;1470815;1251203
15;1192736;1542178;1475756;1548937;1623812;1409359;1671713;1524870;1425009;1803289;1535848;1485225;1614941;1682645;1406544;1410891;1583706;1362775;1506066;1319785;1304969;1523369;1408414;1470228;1461980;1624703;1535345;1560784;1463423;1247889
16;1187261;1538062;1478586;1545165;1624867;1405497;1665388;1523641;1425450;1800903;1535171;1478801;1607833;1685237;1402592;1406608;1582576;1354537;1503890;1316607;1299577;1520515;1401690;1466337;1458768;1620130;1534351;1560379;1462354;1244395
17;1183665;1536242;1478149;1542031;1621052;1402056;1663772;1514978;1422536;1797657;1529026;1474553;1606285;1678531;1400647;1404147;1578998;1351191;1500620;1311703;1293216;1520441;1397697;1459806;1459218;1621655;1532182;1553692;1461457;1240285
18;1173900;1532775;1476872;1544810;1616452;1393365;1656802;1518449;1416532;1793821;1525748;1469112;1606235;1676589;1397439;1399397;1576633;1495768;1496363;1308338;1439157;1518851;1394861;1462489;1455174;1617027;1527466;1550681;1455436;1236410
19;1169352;1530526;1473224;1541191;1613368;1385247;1654976;1509696;1411487;1790986;1524652;1465395;1603646;1673169;1394349;1396311;1570536;1496552;1494618;1307284;1444587;1515740;1388132;1458966;1560090;1615472;1520795;1547530;1451679;1231587
20;1162878;1524997;1468974;1540089;1609752;1373066;1654455;1502876;1404209;1787584;1520093;1462273;1604193;1670506;1389371;1396980;1570948;1493965;1492127;1303031;1445218;1513336;1382314;1558216;1562058;1612911;1516059;1541961;1448497;1437915
21;1159138;1518393;1467184;1538926;1607220;1371687;1650541;1492738;1401200;1784992;1511026;1458621;1599480;1666930;1387563;1395752;1568210;1494790;1486879;1302149;1441339;1511601;1384921;1559936;1559800;1607095;1516720;1536471;1446380;1440193
22;1155677;1519311;1465484;1535111;1602720;1363592;1647455;1515535;1395271;1780769;1510490;1457546;1593928;1668773;1382864;1389760;1564851;1490812;1481179;1299822;1441659;1507789;1382020;1558617;1558022;1603040;1515062;1530368;1442883;1436024
23;1149408;1514843;1459579;1531633;1602294;1358284;1641762;1507497;1389318;1772514;1505273;1453444;1596313;1668472;1379278;1387494;1557137;1489848;1479162;1295413;1438913;1503810;1377794;1554640;1555841;1603278;1538695;1532115;1438603;1434087
24;1141588;1511307;1458026;1531868;1601777;1346627;1637302;1500474;1385544;1769628;1499781;1449347;1593825;1664477;1487952;1384377;1555545;1487022;1476215;1288191;1433221;1499299;1376022;1555621;1554737;1597125;1535413;1529871;1430284;1429060
25;1373639;1507665;1454513;1528326;1599664;1341157;1631683;1498151;1378508;1767128;1489495;1441993;1590007;1662213;1490309;1381365;1557660;1484222;1471296;1286381;1427984;1499352;1372634;1555103;1553999;1594422;1527255;1524712;1427908;1428644
26;1374447;1504773;1453625;1524787;1594334;1334322;1627890;1495290;1372795;1761820;1492507;1438292;1585987;1662043;1490909;1381959;1552434;1480474;1473848;1284152;1416126;1500538;1370360;1552235;1550055;1591015;1525295;1518153;1425170;1424795
27;1370462;1499614;1448515;1523953;1591838;1328245;1630261;1486660;1367822;1755564;1489595;1434146;1582857;1660067;1488516;1377462;1548040;1475597;1471098;1278683;1429051;1496359;1495282;1548999;1545030;1588439;1522541;1520080;1416137;1418308
28;1367123;1496988;1444057;1522328;1584843;1322789;1626056;1481635;1361396;1746016;1490682;1431007;1579744;1658162;1482199;1376597;1545388;1471866;1471186;1423533;1424301;1494206;1496430;1546392;1544341;1586601;1518982;1514457;1411030;1412263
29;1363139;1492930;1442434;1519527;1581573;1317492;1639104;1476365;1355762;1764923;1490601;1425933;1576149;1653460;1481437;1373337;1546350;1466003;1467512;1426441;1423988;1490036;1496444;1544949;1539859;1582919;1514461;1512623;1405398;1410016
30;1360675;1485966;1439383;1519469;1587904;1310916;1637153;1470827;1350835;1762226;1482530;1423487;1574517;1650452;1481598;1371016;1540667;1465597;1464306;1424596;1419883;1492695;1494220;1543292;1530871;1582377;1510139;1509617;1414724;1404263
31;1354886;1484128;1436545;1517788;1583324;1304719;1630367;1468899;1344296;1757350;1480749;1419968;1573725;1649499;1480872;1367374;1538819;1465299;1460172;1421862;1415035;1490352;1490877;1544076;1542970;1578957;1503465;1500631;1411827;1401263
32;1351732;1481443;1430383;1515051;1579596;1299941;1626614;1463887;1336724;1753451;1480162;1411207;1570610;1647154;1475358;1362370;1533378;1460019;1458392;1421151;1410441;1487873;1489267;1540505;1542049;1709125;1506318;1497217;1401069;1397478
33;1346904;1474678;1424324;1512662;1574102;1296229;1622758;1460259;1329290;1747456;1479226;1408015;1569921;1646254;1471294;1492141;1538941;1459734;1455036;1416228;1405471;1484203;1486442;1526305;1535811;1708784;1499359;1522216;1401313;1394645
34;1342108;1471883;1420706;1507725;1573756;1292893;1620651;1456388;1325261;1746907;1473548;1404113;1566378;1647002;1471118;1495191;1535236;1458254;1456237;1415348;1404229;1485084;1482916;1520606;1533638;1707905;1499448;1517644;1396647;1390136
35;1338205;1470836;1421793;1509695;1570769;1289382;1615147;1453984;1318210;1742941;1475404;1397719;1566880;1645584;1468435;1495070;1533051;1455275;1451306;1412378;1400084;1482074;1478017;1518133;1529434;1704461;1496058;1512093;1397033;1382851
36;1335091;1464759;1419851;1506842;1567610;1284776;1616803;1447757;1312153;1734420;1472662;1392870;1561867;1643935;1465979;1492487;1528742;1452311;1448796;1408131;1396046;1477974;1475558;1505561;1530431;1702170;1494735;1508395;1392103;1381679
37;1329147;1460726;1415648;1504650;1566068;1277819;1615636;1442132;1302300;1731316;1469374;1383750;1559214;1639109;1462419;1490628;1523980;1445792;1446812;1405944;1395403;1471567;1473877;1500782;1528986;1700624;1489004;1503141;1389134;1375847
38;1324827;1457914;1413098;1501352;1562081;1276909;1614111;1436166;1293947;1725392;1467845;1375933;1558704;1735799;1459343;1489573;1523932;1437929;1442369;1403728;1392024;1475633;1468760;1494973;1525146;1698156;1484290;1498390;1382795;1371727
39;1319883;1455147;1410968;1499397;1558746;1256811;1610123;1432454;1288558;1721743;1464458;1364360;1553410;1737029;1456544;1484027;1521572;1435117;1435836;1402948;1388283;1472339;1468319;1484828;1521796;1696025;1479128;1490233;1379450;1368412
40;1315316;1451794;1404473;1492794;1549847;1256363;1604843;1429849;1282254;1717842;1462244;1389566;1561099;1735277;1453834;1478787;1520907;1430719;1434329;1400091;1388471;1465833;1462706;1520761;1518297;1691578;1490445;1492217;1378620;1359737
41;1309998;1447607;1406500;1493565;1541909;1249093;1601781;1427723;1278605;1721305;1577141;1388222;1560460;1732353;1450148;1474034;1518134;1430749;1428905;1397444;1384671;1464449;1460240;1510563;1522337;1683871;1490508;1489645;1375126;1355137
42;1305484;1611955;1404479;1491309;1555613;1248874;1599679;1424067;1279388;1717166;1578234;1379213;1555708;1729864;1448047;1471537;1517596;1426213;1426257;1395184;1377752;1467807;1459377;1503711;1521844;1680774;1482960;1486742;1369986;1349871
43;1303184;1612855;1402270;1487843;1554090;1238664;1599902;1416301;1275115;1714440;1574788;1372086;1552909;1729065;1445270;1465900;1510852;1428935;1422983;1391256;1377705;1468977;1459273;1490652;1521108;1685971;1479491;1484455;1366594;1345441
44;1299668;1610218;1397952;1484346;1546884;1228709;1597899;1414103;1266844;1711470;1568995;1363678;1549584;1724424;1444055;1464590;1507907;1424527;1419298;1385609;1373249;1465600;1456644;1483915;1515992;1688576;1476678;1480951;1361948;1336687
45;1292241;1606433;1393713;1484072;1542647;1224277;1594089;1408904;1261114;1710566;1563843;1359877;1547933;1722717;1441461;1459576;1507085;1419351;1418086;1383684;1370329;1464002;1454937;1479106;1510992;1686446;1473328;1478847;1357299;1339458
46;1289055;1602828;1391688;1481189;1538581;1213025;1594922;1404468;1254127;1708636;1555120;1357592;1546205;1720532;1439150;1453655;1505921;1417646;1416974;1380090;1367889;1462209;1453320;1476163;1507401;1679258;1469943;1479902;1352695;1331378
47;1288021;1600103;1383659;1481247;1535911;1213476;1595623;1402966;1250007;1705362;1572527;1352283;1545713;1720042;1439339;1451224;1503455;1409559;1409162;1376113;1365517;1459627;1451353;1511564;1507445;1676566;1573401;1477004;1349643;1320805
48;1284705;1599699;1379608;1476428;1537019;1203841;1594115;1397612;1245269;1700929;1568296;1348346;1541485;1719513;1439865;1444297;1497867;1413014;1406190;1372907;1365044;1458308;1443561;1513610;1505615;1672440;1573060;1602095;1344645;1316834
49;1277790;1596305;1374472;1470418;1532680;1202054;1589952;1391636;1239993;1698490;1564039;1346510;1645871;1716435;1434742;1460118;1492021;1410042;1404478;1371561;1360403;1456539;1436836;1507792;1502275;1671219;1570518;1602346;1339368;1313624
