0;460503;374734;201789;390433;280198;97081;475096;516737;41090;208415;501703;397091;48077;531097;225309;479833;424827;82810;96772;338125;376211;168135;286261;344632;112482;141323;88256;439405;145636;175926
1;446864;363197;192225;377777;269212;83868;458037;504290;30159;199041;491731;384906;38441;518119;210954;468498;413237;71538;88092;325118;364373;160060;274480;332157;102374;128563;74663;426720;133659;167044
2;435601;350881;178621;370941;260164;74488;454586;493513;21031;187546;481556;373064;27606;510368;201052;456909;401131;62425;76590;315221;354759;152232;265043;320714;91526;118892;62816;411758;125211;154641
3;424306;338431;167061;357416;246248;62045;442735;480646;8992;177503;470524;363662;16768;501651;189217;453663;391286;51763;65917;304096;343161;143224;255871;310710;80647;109738;56109;402217;110771;144398
4;413353;327925;153784;347945;236715;51965;419430;468011;503481;162600;463734;355535;8372;490612;179929;436820;381163;40911;56570;292522;333552;133759;241874;301302;69976;97139;45957;393626;99349;131582
5;403267;317996;139915;334242;226415;41635;420892;454435;498465;156870;452868;344120;516916;481421;167989;426044;369312;31697;45696;279981;319900;121681;232712;287625;57277;85977;34156;382548;90284;120490
6;392538;303645;129093;320081;216345;27494;410309;443817;492560;145650;442815;334288;514216;470358;157214;417456;357055;19802;33375;269622;311899;108825;215232;276173;45408;76610;26134;373340;79289;106833
7;381373;292670;118737;311173;205433;19620;400995;428749;484781;129045;433211;322391;506879;457886;143558;407015;347581;9054;21574;259965;298369;98638;202546;266034;34375;65998;11100;359196;67404;95969
8;369313;284427;109142;301898;190977;6988;391040;418313;474790;120944;422488;311798;498022;446739;131685;397004;332658;513660;10572;247932;289017;88633;192362;256946;25135;55903;541226;349317;57208;86642
9;356020;271551;94260;292024;182462;536850;379642;407055;463988;110014;414094;298940;487918;435548;122202;385732;321838;510367;514363;238289;280643;79447;183370;244525;9650;46632;535263;337874;42609;76099
10;344757;257809;85057;280971;175281;519690;366403;396343;453520;100223;400978;286612;477656;422694;111046;376644;309462;505503;512031;225234;267764;66243;167987;236845;516866;32296;528079;324516;32581;65024
11;332448;248978;72688;269118;163918;514404;356534;381948;442949;89251;391108;275620;467181;415425;101088;367028;300550;497213;505402;214096;254131;55662;159979;223093;514388;22879;518334;315631;23625;51066
12;320181;237930;63848;257051;151442;504228;345621;372953;431992;77648;380178;264328;458171;400863;90696;355280;288324;488860;499522;200401;241103;44121;148993;213127;507000;10380;509348;305007;10680;40408
13;313022;224832;53126;247277;144401;496389;340399;364021;422533;68252;369279;252080;447873;389603;79156;345291;278258;478744;487432;187849;228908;33094;137309;199814;497630;531232;499934;292601;527983;35602
14;300348;210802;43230;231820;133531;485173;329972;350626;412031;57863;358603;241890;436831;379715;65963;334949;266712;468511;480173;176859;218540;21416;124301;188335;490326;530176;489693;283434;519417;23831
15;291493;200875;32462;219243;125053;474989;317789;340725;399708;46895;345994;228790;426737;366998;58833;324867;253491;461536;470979;166217;208512;7702;114954;178758;479775;524356;477744;273647;519360;11376
16;278832;190156;23045;209914;111368;463558;305496;325666;393762;36975;338545;219836;413740;355549;49324;315747;239289;448768;459577;155289;199336;526899;103281;167319;472639;515001;465625;261594;510271;530626
17;267387;179056;12099;199240;99751;453268;295855;317663;381219;27710;329005;208352;404749;344178;39253;305073;228327;440997;448407;145754;168934;521849;92784;154334;462305;505645;454642;252693;501517;525304
18;256375;169368;543662;186200;87336;443301;284328;304493;371932;15698;321003;198875;394952;333389;27319;295447;218393;428213;437951;135940;112061;514983;83812;143352;453888;494227;441857;240719;492648;520669
19;244486;154450;539291;173197;78068;432025;270299;293035;366067;5680;308185;185543;384193;320565;21716;283853;207393;421282;428341;127967;151908;506001;69005;135950;442244;480381;436588;228242;480997;510956
20;232155;145341;532383;161107;67870;422715;259006;282352;357188;514060;300591;173541;370293;309904;8177;271948;194718;411254;416113;115530;131032;494548;58800;120162;428736;473212;422600;220230;469225;499735
21;224122;134011;526079;150085;55525;412888;246097;269409;343995;512979;290629;160659;362411;300707;530102;261833;182478;399789;402281;103754;107889;481651;45831;110771;418536;463381;411418;207728;458516;489313
22;212715;122845;513184;138111;43816;403328;234283;260935;338363;504917;279277;150023;350885;290268;527244;253678;173184;388778;393774;92189;72930;467126;36778;102106;407933;452231;399535;197350;448713;480199
23;202793;108426;506716;128186;34710;390188;222688;249939;326880;496452;267634;135832;340609;281847;520533;242847;162227;377722;381589;82481;59504;460132;24111;91444;399723;440014;386602;186436;439062;470746
24;192094;99144;494136;118230;24988;379153;210701;239090;320575;488286;256384;128427;329432;272939;509726;231243;150637;369823;371849;70424;51307;450193;12449;78333;389271;429289;376857;176381;427597;456895
25;177223;89352;484128;106588;12088;368259;200187;224516;312426;477286;242428;118093;318682;263304;498833;221909;139290;356766;359938;59612;43671;438907;552141;64535;378924;419125;364278;161594;418904;447538
26;171208;75882;470739;95745;533323;359884;189549;214550;301839;470100;233432;109271;306261;254718;489841;210895;127889;341498;349958;51433;33282;428968;547719;55365;371050;408541;350699;151188;406660;434098
27;160372;64621;461455;84368;529441;346546;175066;200513;292158;459936;223320;97363;295781;247830;480111;200234;114991;330488;337356;42329;22489;416120;542272;46114;362057;399557;341599;142107;394147;425934
28;148282;54028;448002;73310;521901;337073;164690;188307;285486;450187;211277;83769;284738;233316;469934;191842;103821;319505;324768;31302;9012;406314;534693;34152;351212;388611;328753;128994;385515;414998
29;136055;44315;438179;63325;514568;327195;150549;174786;276229;437316;201827;75780;274890;220810;456303;176847;94686;312796;315857;21727;573725;389837;526368;22625;337855;376747;316893;117539;374530;403392
30;123638;33253;425399;52600;503115;314412;136179;163578;268182;425189;188084;63177;264058;210719;446916;161935;84832;301218;304212;10576;571586;380116;516336;9273;325761;365454;304191;104677;363364;394303
31;113234;23086;413381;37899;495954;302692;125031;150205;249633;417479;177282;53434;252891;194931;434725;153692;75780;288483;296721;527451;565002;369377;500555;541343;311849;355898;294384;90028;351613;381921
32;103510;11363;403910;30079;483856;292168;113417;140800;240540;406574;165568;40733;241859;185262;423359;140163;63952;276276;285963;523769;557263;353863;489240;537475;300721;342131;282288;78178;341771;371501
33;94777;542017;392737;18952;474776;278620;104662;132745;214799;391114;154827;31455;231777;168262;413185;129601;53794;267626;275988;518117;547807;343816;472866;530203;289623;331050;270148;64984;329676;359721
34;80852;537670;380661;8350;461900;266056;95626;121290;201071;385583;142851;19465;220060;158510;402348;116925;41930;257522;262978;510295;536996;335380;466760;521462;279620;319989;262164;55236;321486;349871
35;67406;533319;370664;531626;451310;256207;85246;113044;190495;369344;132327;6918;207997;150247;392547;109956;29825;248230;250195;498376;528169;320804;456345;510546;266339;310088;249561;40943;310102;337133
36;57818;523579;358866;529972;440930;244593;70721;91393;177457;359995;120781;526427;196842;139789;379848;99695;19188;236420;242419;489059;517054;309979;443981;502455;260891;300521;240321;30571;298467;325430
37;45733;514461;349777;524071;428417;235776;57411;97597;169400;349788;109482;522593;184952;127449;369070;88472;13159;227855;230186;478732;504643;299168;433135;493373;248780;288357;228928;19720;287084;314123
38;34371;505384;339078;515836;418446;224928;59506;89806;157043;337910;101057;516555;175390;114331;356734;73254;549315;216218;219652;468894;489897;282721;419675;480963;234813;278786;215536;6252;276056;305842
39;23892;495050;327355;506621;408124;213146;47669;79229;148487;328468;87705;507088;162625;105378;348598;65699;546371;203104;209626;459660;487181;278055;410727;471291;222481;263868;203360;543127;264792;294593
40;11171;485733;315016;497183;394702;202212;32391;61715;138642;319536;75572;498774;151714;93673;339481;51710;537066;191449;196722;444748;471017;265290;398818;454819;214823;253631;192576;538489;252841;281565
41;540063;472371;303580;489358;381966;191388;21553;48308;125957;309162;66478;488631;141538;84078;324023;41573;528658;182053;186718;434700;464761;253194;388409;447430;202184;242383;183200;532001;239305;271370
42;535810;462362;289691;478701;371717;180018;6254;37356;117685;295149;56390;481700;132834;73628;315412;31663;519801;171686;175510;424101;456245;243183;376114;432719;193413;230517;172258;524571;230101;261123
43;530858;453004;277806;468440;360584;169831;525823;25440;107567;285634;43169;469838;121626;64837;302588;21896;511450;159643;165701;415687;445242;236513;363378;422204;185203;219424;160630;512603;219220;248754
44;522704;443180;267918;457326;350564;158673;526352;17688;98482;272428;30352;458666;108490;53170;291544;9798;498015;149562;153767;403888;435413;227155;350062;408787;172813;207783;152410;507043;209277;239222
45;511784;432849;258688;444609;339893;148437;515631;8595;84912;262953;20247;448673;98690;43333;279075;523132;487131;138260;147270;391929;424962;216952;337158;401803;162537;194352;141598;492616;199531;226825
46;503499;420680;245661;432750;328765;139184;512045;542534;76350;251016;9266;440123;90044;35009;269670;518461;473814;126719;134868;381339;416216;205499;330335;388070;150222;177158;130751;482019;185772;217821
47;492846;407952;235384;422206;317326;129971;506585;538930;69470;240915;519714;426626;78147;21856;258600;509470;463943;116846;127863;373071;403079;195019;322474;378278;140333;169246;121260;471261;175471;208347
48;481912;397245;225367;411095;301813;120182;487172;533994;59673;228663;516472;418114;69118;11553;247492;498194;451575;105864;115849;359735;397964;185858;309017;366764;128807;162878;108453;462440;166457;196978
49;472645;386131;214299;400660;290198;108141;483848;524347;49964;219128;508760;407469;59199;534804;233684;487509;435657;93772;105900;347993;385907;179499;296709;354483;117943;153929;99361;448717;153978;188834
